505,9
505,8
0,372
0,371
0,319
0,370
0,369
0,368
539,10
0,367
0,364
0,363
0,362
0,361
0,366
0,360
0,359
0,356
0,355
0,354
0,353
0,492
0,599
0,352
0,524
0,351
0,350
0,349
0,559
0,348
0,347
0,332
547,38
547,37
547,36
547,35
0,560
3,2
3,1
3,3
10,194
10,24
10,246
10,28
10,138
10,32
10,206
10,128
11,24
11,8
11,11
500,0
497,6
497,5
497,4
497,3
11,13
497,2
497,1
11,9
497,0
496,7
496,6
496,5
496,4
496,3
496,2
9,4
9,6
8,4
8,17
8,9
8,6
8,11
8,2
8,3
496,1
496,0
494,5
494,4
494,3
494,2
494,1
494,0
489,4
489,3
489,2
489,1
489,0
487,4
487,3
487,2
487,1
487,0
485,5
485,4
485,3
485,2
485,1
485,0
480,3
480,2
480,1
480,0
479,5
479,4
479,3
479,2
479,1
479,0
471,5
471,4
471,3
471,2
471,1
471,0
465,6
465,5
465,4
465,3
465,2
465,1
465,0
460,5
460,4
460,3
460,2
460,1
460,0
458,3
458,2
458,1
458,0
457,4
457,3
457,2
457,1
457,0
456,4
456,3
456,2
456,1
456,0
455,4
455,3
455,2
455,1
455,0
452,6
452,5
452,4
452,3
452,2
452,1
452,0
444,6
444,5
444,4
444,1
415,15
415,14
415,13
415,12
415,11
415,10
415,9
415,8
18,1
415,7
18,3
415,1
414,6
414,1
14,21
388,8
14,3
388,1
13,1
375,8
13,3
375,7
375,1
20,3
20,2
20,1
19,3
19,2
19,1
14,1
2,2
14,26
12,3
12,2
12,1
11,25
11,22
11,21
11,14
11,12
11,7
11,3
11,2
11,1
10,1
2,1
10,267
2,3
10,3
10,2
9,7
9,5
9,3
9,2
9,1
8,15
8,14
8,10
8,8
8,7
